0 0 0 0 0 0 0 0 0 0 0 0 0 0 0 0 0 0 0 0 0 0 0 0 0 0 0 0 0 0 0 0 0 0 0 0 0 0 0 0 0 0 0 0 0 0 0 0 0
0 0 0 0 0 0 0 0 0 0 0 0 0 0 0 0 0 0 0 0 0 0 0 0 0 0 0 0 0 0 0 0 0 0 0 0 0 1 1 1 1 1 1 1 1 0 0 0 0
0 0 0 1 1 1 1 1 1 1 1 1 1 1 1 1 1 1 1 1 1 0 0 0 0 0 0 0 0 0 0 0 0 0 0 0 0 1 8 2 2 2 2 2 1 0 0 0 0
0 0 0 1 2 2 2 2 2 8 2 2 2 2 2 2 7 2 2 2 1 0 0 0 0 1 1 1 1 1 1 1 1 1 1 1 1 1 2 2 2 2 2 2 1 0 0 0 0
0 0 0 3 2 2 2 2 2 2 2 2 2 2 2 2 2 2 2 2 1 0 0 0 0 1 2 2 2 2 6 2 2 2 2 2 2 2 2 2 2 2 2 2 1 0 0 0 0
0 0 0 1 2 2 2 2 2 2 2 2 2 2 2 7 2 2 2 2 1 0 0 0 0 1 2 2 2 2 2 2 2 2 2 2 2 2 2 2 2 2 6 2 1 0 0 0 0
0 0 0 1 1 1 1 1 1 1 1 2 2 2 2 2 2 2 2 2 1 0 0 0 0 1 2 2 2 7 9 2 2 2 2 2 2 2 2 2 6 2 2 2 1 0 0 0 0
0 0 0 0 0 0 0 0 0 0 1 2 2 2 2 2 9 2 2 2 1 0 0 0 0 1 1 1 1 1 1 1 2 2 2 2 2 2 1 1 1 1 1 1 1 0 0 0 0
0 0 0 0 0 0 0 0 0 0 1 2 2 2 2 2 2 2 2 2 1 0 0 0 0 0 0 0 0 0 0 1 2 2 2 2 2 2 1 0 0 0 0 0 0 0 0 0 0
0 1 1 1 1 1 1 1 1 1 1 6 2 2 2 2 2 2 2 2 1 1 1 1 1 1 1 1 1 1 1 1 2 2 2 2 2 2 1 1 1 1 1 1 1 1 1 1 0
0 1 2 2 2 2 2 2 2 2 2 2 2 2 2 2 2 2 2 2 2 2 2 2 2 2 2 2 2 2 2 2 2 2 2 2 2 2 2 2 2 2 2 2 2 2 2 1 0
0 1 2 2 2 2 2 6 2 2 2 2 2 6 2 2 2 2 2 2 2 2 2 2 2 2 2 2 2 2 2 2 2 2 2 2 2 2 2 2 2 2 2 2 2 2 2 1 0
0 1 4 2 2 2 2 2 2 2 2 2 2 2 2 2 2 2 2 8 2 2 2 2 2 2 2 2 2 2 2 2 2 2 2 2 2 2 2 2 2 2 2 2 2 2 5 1 0
0 1 2 2 2 8 2 2 2 2 2 2 2 2 2 2 2 2 2 2 2 2 2 2 2 2 2 2 2 2 2 2 2 2 2 2 2 2 2 2 2 2 2 2 2 2 2 1 0
0 1 2 2 2 2 2 2 2 2 2 2 2 2 2 2 2 2 2 2 2 2 2 2 2 2 2 8 2 2 2 2 6 2 2 2 2 2 2 2 2 6 2 2 2 2 2 1 0
0 1 1 1 1 1 1 8 2 2 2 2 2 2 8 1 1 1 1 1 1 3 1 1 1 1 1 1 1 1 1 1 1 2 2 2 2 2 2 2 2 2 1 1 1 1 1 1 0
0 0 0 0 0 0 1 2 2 6 2 2 2 2 2 1 0 0 0 0 0 0 0 0 0 0 0 0 0 0 0 0 1 2 2 7 2 2 2 2 2 2 1 0 0 0 0 0 0
0 0 0 0 0 0 1 2 2 2 2 2 2 2 2 1 0 0 0 0 0 0 0 0 0 0 0 0 0 0 0 0 1 2 2 2 2 2 2 2 2 2 1 0 0 0 0 0 0
0 1 1 1 1 1 1 6 2 2 2 2 2 2 11 1 1 1 1 1 0 0 0 0 0 0 0 0 0 0 0 0 1 2 2 2 2 2 2 2 2 2 1 0 0 0 0 0 0
0 1 2 2 2 2 2 2 2 2 2 2 2 2 2 10 2 2 2 1 0 0 0 0 0 0 0 0 0 0 0 0 12 2 2 2 2 2 2 2 2 2 1 0 0 0 0 0 0
0 1 2 2 2 2 2 2 2 6 2 2 2 2 2 2 2 2 2 12 0 0 0 0 0 0 0 0 0 0 0 0 1 2 2 2 2 2 2 2 2 2 1 0 0 0 0 0 0
0 1 2 2 2 2 2 2 2 2 2 2 2 2 2 2 2 2 2 1 0 0 0 1 1 1 1 1 1 0 0 0 1 7 2 2 2 2 6 6 2 2 1 0 0 0 0 0 0
0 1 1 1 2 2 2 2 8 1 1 1 1 1 1 1 1 1 1 1 0 0 0 1 2 2 2 2 1 0 0 0 1 2 2 2 6 2 2 2 2 2 3 0 0 0 0 0 0
0 0 0 1 2 2 6 2 2 1 0 0 0 0 0 0 0 0 0 0 0 0 0 1 2 2 2 2 1 0 0 0 1 2 2 2 2 2 2 2 2 11 1 0 0 0 0 0 0
0 0 0 1 2 2 2 2 2 1 0 0 0 0 0 0 0 0 0 0 0 0 0 1 2 2 2 2 1 1 1 1 1 2 2 2 2 2 2 2 2 2 1 0 0 0 0 0 0
0 0 0 1 2 2 2 2 2 1 0 0 0 0 0 0 0 0 0 0 0 0 0 1 2 6 2 2 2 2 2 2 6 2 2 2 2 10 2 2 2 2 1 0 0 0 0 0 0
0 0 0 3 2 2 2 2 2 1 0 0 0 0 0 0 0 0 0 0 0 0 0 1 2 2 2 2 2 2 2 6 2 2 2 2 2 2 2 2 2 2 1 0 0 0 0 0 0
0 0 0 1 1 1 1 1 1 1 0 0 0 0 0 0 0 0 0 0 0 0 0 1 2 2 2 2 2 2 2 2 2 2 2 2 2 2 2 2 2 2 1 0 0 0 0 0 0
0 0 0 0 0 0 0 0 0 0 0 0 0 0 0 0 0 0 0 0 0 0 0 1 1 1 1 1 1 1 1 1 1 1 1 1 1 1 1 1 1 1 1 0 0 0 0 0 0
0 0 0 0 0 0 0 0 0 0 0 0 0 0 0 0 0 0 0 0 0 0 0 0 0 0 0 0 0 0 0 0 0 0 0 0 0 0 0 0 0 0 0 0 0 0 0 0 0
